--- Corrected --- 
 0:  0  2 -1 -1 -1 -1 -1 -1 -1 -1 -1 -1 -1 
 1:  0  2 54 -1 -1 -1 -1 -1 -1 -1 -1 -1 -1 
 2:  0  2  3 -1 -1 -1 -1 -1 -1 -1 -1 -1 -1 
 3:  0  2  3  4  5  6  7 -1 -1 -1 -1 -1 -1 
 4:  0  2  3  4  5  6 -1 -1 -1 -1 -1 -1 -1 
 5:  0  2  3  4  5 -1 -1 -1 -1 -1 -1 -1 -1 
 6:  0  2  3  4  5 29 30 31 32 41 -1 -1 -1 
 7:  0  2  3  4  5 29 30 31 32 45 -1 -1 -1 
 8:  0  2  3  4  5 29 30 31 32 37 -1 -1 -1 
 9:  0  2  3  4  5 29 30 31 -1 -1 -1 -1 -1 
10:  0  2  3  4  5 29 30 31 32 -1 -1 -1 -1 
11:  0  2  3  4  5 29 30 -1 -1 -1 -1 -1 -1 
12:  0  2  3  4  5 29 30 31 32 33 -1 -1 -1 
13:  0  2 49 -1 -1 -1 -1 -1 -1 -1 -1 -1 -1 
14:  0  2 49 50 -1 -1 -1 -1 -1 -1 -1 -1 -1 
15:  0  2 49 50 51 -1 -1 -1 -1 -1 -1 -1 -1 
16:  0  2 49 50 51 52 -1 -1 -1 -1 -1 -1 -1 
17:  0  2  3  4 -1 -1 -1 -1 -1 -1 -1 -1 -1 
18:  0  2  3  4  5  9 -1 -1 -1 -1 -1 -1 -1 
19:  0  2  3  4  5  9 10 -1 -1 -1 -1 -1 -1 
20:  0  2  3  4  5  9 10 11 -1 -1 -1 -1 -1 
21:  0  2 54 55 -1 -1 -1 -1 -1 -1 -1 -1 -1 
22:  0  2 54 55 56 -1 -1 -1 -1 -1 -1 -1 -1 
23:  0  2 54 55 56 57 -1 -1 -1 -1 -1 -1 -1 
24:  0  2  3  4  5 29 -1 -1 -1 -1 -1 -1 -1 
25:  0  2  3  4  5  9 10 11 12 21 -1 -1 -1 
26:  0  2  3  4  5  9 10 11 12 25 -1 -1 -1 
27:  0  2  3  4  5  9 10 11 12 -1 -1 -1 -1 
28:  0  2  3  4  5  9 10 11 12 13 -1 -1 -1 
29:  0  2  3  4  5  9 10 11 12 17 -1 -1 -1 
30:  0  2  3  4  5 29 30 31 32 33 34 -1 -1 
31:  0  2  3  4  5 29 30 31 32 45 46 -1 -1 
32:  0  2  3  4  5 29 30 31 32 37 38 -1 -1 
33:  0  2  3  4  5 29 30 31 32 33 34 35 -1 
34:  0  2  3  4  5 29 30 31 32 41 42 -1 -1 
35:  0  2  3  4  5 29 30 31 32 45 46 47 -1 
36:  0  2  3  4  5 29 30 31 32 37 38 39 -1 
37:  0  2  3  4  5 29 30 31 32 41 42 43 -1 
38:  0  2  3  4  5  9 10 11 12 13 14 15 -1 
39:  0  2  3  4  5  9 10 11 12 13 14 -1 -1 
40:  0  2  3  4  5  9 10 11 12 25 26 -1 -1 
41:  0  2  3  4  5  9 10 11 12 17 18 -1 -1 
42:  0  2  3  4  5  9 10 11 12 21 22 -1 -1 
43:  0  2  3  4  5  9 10 11 12 25 26 27 -1 
44:  0  2  3  4  5  9 10 11 12 17 18 19 -1 
45:  0  2  3  4  5  9 10 11 12 21 22 23 -1 
